639,639,639,639,639,639,639,639,639,639,639,639,639,639,639,639,639,639,639,638,639,662,639,636,639,639,639,639,639,639,639,639,639,639,639,639,639,639,639,639,639,639,639,639,639,639,639,639,639,639,639,639,639,639,639,639,639,639,639,639,639,639,639,639,639,639,639,639,639,639,639,639,639,639,639,639,639,639,639,639,639,639,639,639,639,639,639,639,639,639,639,639,639,638,639,662,639,636,639,639,639,639,639,639,639,639,639,639,639,639,639,639,639,639,639,639,639,639,639,639,639,638,639,662,639,636,639,639,639,639,639,639,639,639,639,
639,639,639,639,639,639,639,639,639,639,639,639,639,639,639,639,639,639,639,638,639,667,639,636,639,639,639,639,639,639,639,639,639,639,639,639,639,639,639,639,639,639,639,639,639,639,639,639,639,639,639,639,639,639,639,639,639,639,639,639,639,639,639,639,639,639,639,639,639,639,639,639,639,639,639,639,639,639,639,639,639,639,639,639,639,639,639,639,639,639,639,639,639,638,639,667,639,636,639,639,639,639,639,639,639,639,639,639,639,639,639,639,639,639,639,639,639,639,639,639,639,638,639,667,639,636,639,639,639,639,639,639,639,639,639,
639,639,639,639,639,639,639,639,639,639,639,639,639,639,639,639,639,639,639,638,639,639,639,636,639,639,639,639,639,639,639,639,639,639,639,639,639,639,639,639,639,639,639,639,639,639,639,639,639,639,639,639,639,639,639,639,639,639,639,639,639,639,639,639,639,639,639,639,639,639,639,639,639,639,639,639,639,639,639,639,639,639,639,639,639,639,639,639,639,639,639,639,639,638,639,639,639,636,639,639,639,639,639,639,639,639,639,639,639,639,639,639,639,639,639,639,639,639,639,639,639,638,639,639,639,636,639,639,639,639,639,639,639,639,639,
639,639,639,639,639,639,639,639,639,639,639,639,639,639,639,639,639,639,639,638,639,662,639,636,639,639,639,639,639,639,639,639,639,639,639,639,639,639,639,639,639,639,639,639,639,639,639,639,639,639,639,639,639,639,639,639,639,639,639,639,639,639,639,639,639,639,639,639,639,639,639,639,639,639,639,639,639,639,639,639,639,639,639,639,639,639,639,639,639,639,639,639,639,638,639,662,639,636,639,639,639,639,639,639,639,639,639,639,639,639,639,639,639,639,639,639,639,639,639,639,639,638,639,662,639,636,639,639,639,639,639,639,639,639,639,
639,639,639,639,639,639,639,639,639,639,639,639,639,639,639,639,639,639,639,638,639,667,639,636,639,639,639,639,639,639,639,639,639,639,639,639,639,639,639,639,639,639,639,639,639,639,639,639,639,639,639,639,639,639,639,639,639,639,639,639,639,639,639,639,639,639,639,639,639,639,639,639,639,639,639,639,639,639,639,639,639,639,639,639,639,639,639,639,639,639,639,639,639,638,639,667,639,636,639,639,639,639,639,639,639,639,639,639,639,639,639,639,639,639,639,639,639,639,639,639,639,638,639,667,639,636,639,639,639,639,639,639,639,639,639,
639,639,639,639,639,639,639,639,639,639,639,639,639,639,639,639,639,639,639,638,639,639,639,636,639,639,639,639,639,639,639,639,639,639,639,639,639,639,639,639,639,639,639,639,639,639,639,639,639,639,639,639,639,639,639,639,639,639,639,639,639,639,639,639,639,639,639,639,639,639,639,639,639,639,639,639,639,639,639,639,639,639,639,639,639,639,639,639,639,639,639,639,639,638,639,639,639,636,639,639,639,639,639,639,639,639,639,639,639,639,639,639,639,639,639,639,639,639,639,639,639,638,639,639,639,636,639,639,639,639,639,639,639,639,639,
639,639,639,639,639,639,639,639,639,639,639,639,639,639,639,639,639,639,639,638,639,662,639,636,639,639,639,639,639,639,639,639,639,639,639,639,639,639,639,639,639,639,639,639,639,639,639,639,639,639,639,639,639,639,639,639,639,639,639,639,639,639,639,639,639,639,639,639,639,639,639,639,639,639,639,639,639,639,639,639,639,639,639,639,639,639,639,639,639,639,639,639,639,638,639,662,639,636,639,639,639,639,639,639,639,639,639,639,639,639,639,639,639,639,639,639,639,639,639,639,639,638,639,662,639,636,639,639,639,639,639,639,639,639,639,
639,639,639,639,639,639,639,639,639,639,639,639,639,639,639,639,639,639,639,638,639,667,639,636,639,639,639,639,639,639,639,639,639,639,639,639,639,639,639,639,639,639,639,639,639,639,639,639,639,639,639,639,639,639,639,639,639,639,639,639,639,639,639,639,639,639,639,639,639,639,639,639,639,639,639,639,639,639,639,639,639,639,639,639,639,639,639,639,639,639,639,639,639,638,639,667,639,636,639,639,639,639,639,639,639,639,639,639,639,639,639,639,639,639,639,639,639,639,639,639,639,638,639,667,639,636,639,639,639,639,639,639,639,639,639,
639,639,639,639,639,639,639,639,639,639,639,639,639,639,639,639,639,639,639,638,639,639,639,636,639,639,639,639,639,639,653,642,642,635,639,639,639,639,639,639,639,639,639,639,639,639,639,639,639,639,639,639,639,639,639,639,639,639,639,639,639,639,639,639,639,639,639,639,639,639,639,639,639,639,639,639,639,639,639,639,639,639,639,639,639,639,639,639,639,639,639,639,639,638,639,639,639,636,639,639,639,639,639,639,639,639,639,639,639,639,639,639,639,639,639,639,639,639,639,639,639,638,639,639,639,636,639,639,639,639,639,639,639,639,639,
639,639,639,639,639,639,639,639,639,639,639,639,639,639,639,639,639,639,639,638,639,662,639,641,642,642,642,642,642,642,643,639,639,634,642,642,642,642,642,635,639,639,639,639,639,639,639,639,639,639,639,639,639,639,639,639,639,639,639,639,639,639,639,639,639,639,639,639,639,639,639,639,639,639,639,639,639,639,639,639,639,639,639,639,639,639,639,639,639,639,639,639,639,638,639,662,639,636,639,639,639,639,639,639,639,639,639,639,639,639,639,639,639,639,639,639,639,639,639,639,639,638,639,662,639,636,639,639,639,639,639,639,639,639,639,
639,639,639,639,639,639,639,639,639,639,639,639,639,639,639,639,639,639,639,638,639,667,639,639,656,639,639,639,639,639,639,639,639,639,639,639,639,639,639,636,639,639,639,639,639,639,639,639,639,639,639,639,639,639,639,639,639,639,639,639,639,639,639,639,639,639,639,639,639,639,639,639,639,639,639,639,639,639,639,639,639,639,639,639,639,639,639,639,639,639,639,639,639,638,639,667,639,636,639,639,639,639,639,639,639,639,639,639,639,639,639,639,639,639,639,639,639,639,639,639,639,638,639,667,639,636,639,639,639,639,639,639,639,639,639,
639,639,639,639,639,639,639,639,639,639,639,639,639,639,639,639,639,639,639,638,639,639,639,639,661,668,669,639,668,669,639,668,669,639,668,669,639,639,639,636,639,639,639,639,639,639,639,639,639,639,639,639,639,639,639,639,639,639,639,639,639,639,639,639,639,639,639,639,639,639,639,639,639,639,639,639,639,639,639,639,639,639,639,639,639,639,639,639,639,639,639,639,639,638,639,639,639,636,639,639,639,639,639,639,639,639,639,639,639,639,639,639,639,639,639,639,639,639,639,639,639,638,639,639,639,636,639,639,639,639,639,639,639,639,639,
639,639,639,639,639,639,639,639,639,639,639,639,639,639,639,639,639,639,639,638,639,662,639,639,666,639,639,639,639,639,639,639,639,639,639,639,639,662,639,636,639,639,639,639,639,639,639,639,639,639,639,639,639,639,639,639,639,639,639,639,639,639,639,639,639,639,639,639,639,639,639,639,639,639,639,639,639,639,639,639,639,639,639,639,639,639,639,639,639,639,639,639,639,638,639,662,639,636,639,639,639,639,639,639,639,639,639,639,639,639,639,639,639,639,639,639,639,639,639,639,639,638,639,662,639,636,639,639,639,639,639,639,639,639,639,
639,639,639,639,639,639,639,639,639,639,639,639,639,639,639,639,639,639,639,638,639,667,639,631,632,632,632,632,632,632,632,632,632,632,632,633,639,667,639,636,639,639,639,639,639,639,639,639,639,639,639,639,639,639,639,639,639,639,639,639,639,639,639,639,639,639,639,639,639,639,639,639,639,639,639,639,639,639,639,639,639,639,639,639,639,639,639,639,639,639,639,639,639,638,639,667,639,636,639,639,639,639,639,639,639,639,639,639,639,639,639,639,639,639,639,639,639,639,639,639,639,638,639,667,639,636,639,639,639,639,639,639,639,639,639,
639,639,639,639,639,639,639,639,639,639,639,639,639,639,639,639,639,639,639,638,639,639,639,636,639,639,639,639,639,639,639,639,639,639,639,638,639,639,639,636,639,639,639,639,639,639,639,639,639,639,639,639,639,639,639,639,639,639,639,639,639,639,639,639,639,639,639,639,639,639,639,639,639,639,639,639,639,639,639,639,639,639,639,639,639,639,639,639,639,639,639,639,639,638,639,639,639,636,639,639,639,639,639,639,639,639,639,639,639,639,639,639,639,639,639,639,639,639,639,639,639,638,639,639,639,636,639,639,639,639,639,639,639,639,639,
639,639,639,639,639,639,639,639,639,639,639,639,639,639,639,639,639,639,639,638,639,662,639,636,639,639,639,639,639,639,639,639,639,639,639,638,639,662,639,636,639,639,639,639,639,639,639,639,639,639,639,639,639,639,639,639,639,639,639,639,639,639,639,639,639,639,639,639,639,639,639,639,639,639,639,639,639,639,639,639,639,639,639,639,639,639,639,639,639,639,639,639,639,638,639,662,639,641,642,642,642,642,642,642,642,642,642,635,639,639,639,639,639,639,639,639,639,639,639,639,639,638,639,662,639,636,639,639,639,639,639,639,639,639,639,
639,639,639,639,639,639,639,639,639,639,639,639,639,639,639,639,639,639,639,638,639,667,639,636,639,639,639,639,639,639,639,639,639,639,639,638,639,667,639,636,639,639,639,639,639,639,639,639,639,639,639,639,639,639,639,639,639,639,639,639,639,639,639,639,639,639,639,639,639,639,639,639,639,639,639,639,639,639,639,639,639,653,642,642,642,642,642,642,642,642,642,642,642,643,639,667,639,662,639,662,639,662,639,662,639,662,639,640,639,639,639,639,639,639,639,639,639,639,639,639,639,638,639,667,639,636,639,639,639,639,639,639,639,639,639,
639,639,639,639,639,639,639,639,639,639,639,639,639,639,639,639,639,639,639,638,639,639,639,636,639,639,639,639,639,639,639,639,639,639,639,638,639,639,639,636,639,639,639,639,639,639,639,639,639,639,639,639,639,639,639,639,639,639,639,639,639,639,639,639,639,639,639,639,639,639,639,639,639,639,639,639,639,639,639,639,639,638,639,639,639,639,639,639,639,639,639,639,639,639,639,639,639,668,669,668,669,668,669,668,669,668,669,640,639,639,639,639,639,639,639,639,639,639,639,639,639,638,639,639,639,636,639,639,639,639,639,639,639,639,639,
639,639,639,639,639,639,639,639,639,639,639,639,639,639,639,639,639,639,639,638,639,662,639,636,639,639,639,639,639,639,653,642,642,642,635,638,639,662,639,636,639,639,639,639,639,639,639,639,639,639,639,639,639,639,639,639,639,639,639,639,639,639,639,639,639,639,639,639,639,639,639,639,639,639,639,639,639,639,639,639,639,658,632,632,632,632,632,632,632,632,632,632,632,633,639,662,639,639,639,639,639,639,639,639,639,639,639,645,639,639,639,639,639,639,639,639,639,639,639,639,639,638,639,662,639,636,639,639,639,639,639,639,639,639,639,
639,639,639,639,639,639,639,639,639,639,639,639,639,639,639,639,639,639,639,638,639,667,639,636,639,639,639,639,639,639,638,639,639,639,636,638,639,667,639,636,639,639,639,639,639,639,639,639,639,639,639,639,639,639,639,639,639,639,639,639,639,639,639,639,639,639,639,639,639,639,639,639,639,639,639,639,639,639,639,639,639,639,639,639,639,639,639,639,639,639,639,639,639,638,639,667,639,668,669,668,669,668,669,668,669,668,669,640,639,639,639,639,639,639,639,639,639,639,639,639,639,638,639,667,639,636,639,639,639,639,639,639,639,639,639,
639,639,639,639,639,639,639,639,639,639,639,639,639,639,639,639,639,639,639,638,639,639,639,636,639,639,639,639,639,639,638,668,639,669,636,638,639,639,639,636,639,639,639,639,639,639,639,639,639,639,639,639,639,639,639,639,639,639,639,639,639,639,639,639,639,639,639,639,639,639,639,639,639,639,639,639,639,639,639,639,639,639,639,639,639,639,639,639,639,639,639,639,639,638,639,639,639,667,639,667,639,667,639,667,639,667,639,645,639,639,639,639,639,639,639,639,639,639,639,639,639,638,639,639,639,636,639,639,639,639,639,639,639,639,639,
639,639,639,639,639,639,639,639,639,639,639,639,639,639,639,639,639,639,639,638,639,662,639,636,639,639,639,639,639,639,638,639,639,639,636,638,639,662,639,636,639,639,639,639,639,639,639,639,639,639,639,639,639,639,639,639,639,639,639,639,639,639,639,639,639,639,639,639,639,639,639,639,639,639,639,639,639,639,639,639,639,639,639,639,639,639,639,639,639,639,639,639,639,638,639,662,639,631,632,632,632,632,632,632,632,632,632,650,639,639,639,639,639,639,639,639,639,639,639,639,639,638,639,662,639,636,639,639,639,639,639,639,639,639,639,
639,639,639,639,639,639,639,639,639,639,639,639,639,639,639,639,639,639,639,638,639,667,639,636,639,639,639,639,639,639,638,668,639,669,636,638,639,667,639,636,639,639,639,639,639,639,639,639,639,639,639,639,639,639,639,639,639,639,639,639,639,639,639,639,639,639,639,639,639,639,639,639,639,639,639,639,639,639,639,639,639,639,639,639,639,639,639,639,639,639,639,639,639,638,639,667,639,636,639,639,639,639,639,639,639,639,639,639,639,639,639,639,639,639,639,639,639,639,639,639,639,638,639,667,639,636,639,639,639,639,639,639,639,639,639,
639,639,639,639,639,639,639,639,639,639,639,639,639,639,639,639,639,639,639,638,663,664,665,636,639,639,639,639,639,639,638,639,639,639,636,638,663,664,665,636,639,639,639,639,639,639,639,639,639,639,639,639,639,639,639,639,639,639,639,639,639,639,639,639,639,639,639,639,639,639,639,639,639,639,639,639,639,639,639,639,639,639,639,639,639,639,639,639,639,639,639,639,639,638,663,664,665,636,639,639,639,639,639,639,639,639,639,639,639,639,639,639,639,639,639,639,639,639,639,639,639,638,663,664,665,636,639,639,639,639,639,639,639,639,639,
642,642,642,642,642,642,642,642,642,642,642,642,642,642,642,642,642,642,642,643,639,639,639,641,642,642,642,642,642,642,643,668,639,669,641,643,639,639,639,641,642,642,642,642,642,642,642,642,642,642,642,642,642,642,642,642,642,642,642,642,642,642,642,639,639,639,639,639,639,639,639,639,639,639,639,639,639,639,639,639,639,639,639,639,639,639,639,639,639,639,639,639,639,638,639,662,639,641,642,642,642,642,642,642,642,642,642,642,642,642,642,642,642,642,642,642,642,642,642,642,642,643,639,639,639,636,639,639,639,639,639,639,639,639,639,
639,639,639,639,639,639,639,639,639,639,639,639,639,639,639,639,639,639,656,639,639,639,639,639,656,639,639,639,639,639,639,639,639,639,639,639,639,639,639,639,639,639,639,639,639,639,639,639,639,639,639,639,639,639,639,639,639,639,639,639,639,639,639,639,639,639,639,639,639,639,639,639,639,639,639,639,639,639,639,639,639,639,639,639,639,639,639,639,639,639,639,639,639,638,639,667,639,639,656,639,639,639,639,639,639,639,639,639,639,639,639,639,639,639,639,639,639,639,639,639,656,639,639,639,639,636,639,639,639,639,639,639,639,639,639,
639,668,669,639,668,669,639,668,669,639,668,669,639,668,669,639,668,669,661,639,639,639,639,639,661,668,669,639,668,669,639,668,669,639,668,669,639,668,669,639,668,669,639,668,669,639,668,669,639,668,669,639,668,669,639,668,669,639,668,669,639,668,669,639,639,639,639,639,639,639,639,639,639,639,639,639,639,639,639,639,639,639,639,639,639,639,639,639,639,639,639,639,639,638,639,639,639,639,661,668,669,639,668,669,639,668,669,639,668,669,639,668,669,639,668,669,639,668,669,639,661,639,639,639,639,636,639,639,639,639,639,639,639,639,639,
639,639,639,639,639,639,639,639,639,639,639,639,639,639,639,639,639,639,666,639,639,639,639,639,666,639,639,639,639,639,639,639,639,639,639,639,639,639,639,639,639,639,639,639,639,639,639,639,639,639,639,639,639,639,639,639,639,639,639,639,639,639,639,639,639,639,639,639,639,639,639,639,639,639,639,639,639,639,639,639,639,639,639,639,639,639,639,639,639,639,639,639,639,638,639,662,639,639,666,639,639,639,639,639,639,639,639,639,639,639,639,639,639,639,639,639,639,639,639,639,666,639,639,639,639,636,639,639,639,639,639,639,639,639,639,
632,632,632,632,632,632,632,632,632,632,632,633,669,639,668,631,632,632,632,633,639,639,639,631,632,632,632,632,632,632,632,632,632,632,632,632,632,632,632,632,632,632,632,632,632,632,632,632,632,632,632,632,632,632,632,632,632,632,632,632,632,632,632,639,639,639,639,639,639,639,639,639,639,639,639,639,639,639,639,639,639,639,639,639,639,639,639,639,639,639,639,639,639,638,639,667,639,631,632,632,632,632,632,632,632,632,632,632,632,632,632,632,632,632,632,632,632,632,632,632,632,633,639,639,639,636,639,639,639,639,639,639,639,639,639,
639,639,639,639,639,639,639,639,639,639,639,638,639,639,639,636,639,639,639,638,663,664,665,636,639,639,639,639,639,639,639,639,639,639,639,639,639,639,639,639,639,639,639,639,639,639,639,639,639,639,639,639,639,639,639,639,639,639,639,639,639,639,639,639,639,639,639,639,639,639,639,639,639,639,639,639,639,639,639,639,639,639,639,639,639,639,639,639,639,639,639,639,639,638,639,639,639,636,639,639,639,639,639,639,639,639,639,639,639,639,639,639,639,639,639,639,639,639,639,639,639,638,663,664,665,636,639,639,639,639,639,639,639,639,639,
639,639,639,639,639,639,639,639,639,639,639,638,639,639,639,636,639,639,639,638,639,662,639,636,639,639,639,639,639,639,639,639,639,639,639,639,639,639,639,639,639,639,639,639,639,639,639,639,639,639,639,639,639,639,639,639,639,639,639,639,639,639,639,639,639,639,639,639,639,639,639,639,639,639,639,639,639,639,639,639,639,639,639,639,639,639,639,639,639,639,639,639,639,638,639,662,639,636,639,639,639,639,639,639,639,639,639,639,639,639,639,639,639,639,639,639,639,639,639,639,639,638,639,662,639,636,639,639,639,639,639,639,639,639,639,
639,639,639,639,639,639,639,639,639,639,639,638,639,639,639,636,639,639,639,638,639,667,639,636,639,639,639,639,639,639,639,639,639,639,639,639,639,639,639,639,639,639,639,639,639,639,639,639,639,639,639,639,639,639,639,639,639,639,639,639,639,639,639,639,639,639,639,639,639,639,639,639,639,639,639,639,639,639,639,639,639,639,639,639,639,639,639,639,639,639,639,639,639,638,639,667,639,636,639,639,639,639,639,639,639,639,639,639,639,639,639,639,639,639,639,639,639,639,639,639,639,638,639,667,639,636,639,639,639,639,639,639,639,639,639,
639,639,639,639,639,639,639,639,639,639,639,638,639,639,639,636,639,639,639,638,639,639,639,636,639,639,639,639,639,639,639,639,639,639,639,639,639,639,639,639,639,639,639,639,639,639,639,639,639,639,639,639,639,639,639,639,639,639,639,639,639,639,639,639,639,639,639,639,639,639,639,639,639,639,639,639,639,639,639,639,639,639,639,639,639,639,639,639,639,639,639,639,639,638,639,639,639,636,639,639,639,639,639,639,639,639,639,639,639,639,639,639,639,639,639,639,639,639,639,639,639,638,639,639,639,636,639,639,639,639,639,639,639,639,639,
639,639,639,639,639,639,639,639,639,639,639,638,639,639,639,636,639,639,639,638,639,662,639,636,639,639,639,639,639,639,639,639,639,639,639,639,639,639,639,639,639,639,639,639,639,639,639,639,639,639,639,639,639,639,639,639,639,639,639,639,639,639,639,639,639,639,639,639,639,639,639,639,639,639,639,639,639,639,639,639,639,639,639,639,639,639,639,639,639,639,639,639,639,638,639,662,639,636,639,639,639,639,639,639,639,639,639,639,639,639,639,639,639,639,639,639,639,639,639,639,639,638,639,662,639,636,639,639,639,639,639,639,639,639,639,
639,639,639,639,639,639,639,639,639,639,639,657,632,632,632,650,639,639,639,638,639,667,639,636,639,639,639,639,639,639,639,639,639,639,639,639,639,639,639,639,639,639,639,639,639,639,639,639,639,639,639,639,639,639,639,639,639,639,639,639,639,639,639,639,639,639,639,639,639,639,639,639,639,639,639,639,639,639,639,639,639,639,639,639,639,639,639,639,639,639,639,639,639,638,639,667,639,636,639,639,639,639,639,639,639,639,639,639,639,639,639,639,639,639,639,639,639,639,639,639,639,638,639,667,639,636,639,639,639,639,639,639,639,639,639,
639,639,639,639,639,639,639,639,639,639,639,639,639,639,639,639,639,653,642,643,639,639,639,636,639,639,639,639,639,639,639,639,639,639,639,639,639,639,639,639,639,639,639,639,639,639,639,639,639,639,639,639,639,639,639,639,639,639,639,639,639,639,639,639,639,639,639,639,639,639,639,639,639,639,639,639,639,639,639,639,639,639,639,639,639,639,639,639,639,639,639,639,639,638,663,664,665,636,639,646,647,648,649,639,646,647,648,649,639,639,639,639,646,647,648,649,639,639,639,639,639,638,663,664,665,636,639,639,639,639,639,639,639,639,639,
639,639,639,639,639,639,639,639,639,639,639,639,639,639,639,639,639,638,639,662,639,662,639,636,639,639,639,639,639,639,639,639,639,639,639,639,639,639,639,639,639,639,639,639,639,639,639,639,639,639,639,639,639,639,639,639,639,639,639,639,639,639,639,639,642,642,642,642,642,642,642,642,642,642,642,642,642,642,642,642,642,642,642,642,642,642,642,642,642,642,642,642,642,643,639,639,639,641,642,643,639,639,654,642,651,639,639,654,642,642,642,642,651,639,639,654,642,642,642,642,642,643,639,639,639,641,642,642,642,642,642,642,642,642,642,
639,639,639,639,639,639,639,639,639,639,639,639,639,639,639,639,639,638,639,667,639,667,639,636,639,639,639,639,639,639,639,639,639,639,639,639,639,639,639,639,639,639,639,639,639,639,639,639,639,639,639,639,639,639,639,639,639,639,639,639,639,639,639,639,639,639,639,639,639,639,639,639,639,639,639,639,639,639,639,639,639,639,639,639,639,639,639,639,639,639,639,639,656,639,639,639,639,639,656,639,639,639,639,639,639,639,639,639,639,639,639,639,639,639,639,639,639,639,639,639,656,639,639,639,639,639,656,639,639,639,639,639,639,639,639,
639,639,639,639,639,639,639,639,639,639,639,639,639,639,639,639,639,657,632,633,639,639,639,636,639,639,639,639,639,639,639,639,639,639,639,639,639,639,639,639,639,639,639,639,639,639,639,639,639,639,639,639,639,639,639,639,639,639,639,639,639,639,639,668,669,639,668,669,639,668,669,639,668,669,639,668,669,639,668,669,639,668,669,639,668,669,639,668,669,639,668,669,661,639,639,639,639,639,661,668,669,639,639,668,669,639,668,669,639,668,669,639,668,669,639,668,669,639,668,669,661,639,639,639,639,639,661,668,669,639,668,669,639,668,669,
639,639,639,639,639,639,639,639,639,639,639,639,639,639,639,639,639,639,639,638,639,662,639,636,639,639,639,639,639,639,639,639,639,639,639,639,639,639,639,639,639,639,639,639,639,639,639,639,639,639,639,639,639,639,639,639,639,639,639,639,639,639,639,639,639,639,639,639,639,639,639,639,639,639,639,639,639,639,639,639,639,639,639,639,639,639,639,639,639,639,639,639,666,639,639,639,639,639,666,639,639,639,639,639,639,639,639,639,639,639,639,639,639,639,639,639,639,639,639,639,666,639,639,639,639,639,666,639,639,639,639,639,639,639,639,
639,639,639,639,639,639,639,639,639,639,639,639,639,639,639,639,639,639,639,638,639,667,639,636,639,639,639,639,639,639,639,639,639,639,639,639,639,639,639,639,639,639,639,639,639,639,639,639,639,639,639,639,639,639,639,639,639,639,639,639,639,639,639,639,632,632,632,632,632,632,632,632,632,632,632,632,633,632,632,631,632,632,632,632,632,632,632,632,632,632,632,632,632,633,639,639,639,631,632,632,632,632,632,632,632,632,632,632,632,632,632,632,632,632,632,632,632,632,632,632,632,633,639,639,639,631,632,632,632,632,632,632,632,632,632,
639,639,639,639,639,639,639,639,639,639,639,639,639,639,639,639,639,639,639,638,639,639,639,636,639,639,639,639,639,639,639,639,639,639,639,639,639,639,639,639,639,639,639,639,639,639,639,639,639,639,639,639,639,639,639,639,639,639,639,639,639,639,639,639,639,639,639,639,639,639,639,639,639,639,639,639,638,639,639,636,639,639,639,639,639,639,639,639,639,639,639,639,639,638,663,664,665,636,639,639,639,639,639,639,639,639,639,639,639,639,639,639,639,639,639,639,639,639,639,639,639,638,663,664,665,636,639,639,639,639,639,639,639,639,639,
639,639,639,639,639,639,639,639,639,639,639,639,639,639,639,639,639,639,639,638,639,662,639,636,639,639,639,639,639,639,639,639,639,639,639,639,639,639,639,639,639,639,639,639,639,639,639,639,639,639,639,639,639,639,639,639,639,639,639,639,639,639,639,639,639,639,639,639,639,639,639,639,639,639,639,639,638,639,639,636,639,639,639,639,639,639,639,646,642,642,642,642,642,643,639,662,639,636,639,639,639,639,639,639,639,639,639,639,639,639,639,639,639,639,639,639,639,639,639,639,639,638,639,662,639,636,639,639,639,639,639,639,639,639,639,
639,639,639,639,639,639,639,639,639,639,639,639,639,639,639,639,639,639,639,638,639,667,639,636,639,639,639,639,639,639,639,639,639,639,639,639,639,639,639,639,639,639,639,639,639,639,639,639,639,639,639,639,639,639,639,639,639,639,639,639,639,639,639,639,639,639,639,639,639,639,639,639,639,639,639,639,638,639,639,636,639,639,639,639,639,639,639,638,639,639,639,639,639,639,639,667,639,636,639,639,639,639,639,639,639,639,639,639,639,639,639,639,639,639,639,639,639,639,639,639,639,638,639,667,639,636,639,639,639,639,639,639,639,639,639,
639,639,639,639,639,639,639,639,639,639,639,639,639,639,639,639,639,639,639,638,639,639,639,636,639,639,639,639,639,639,639,639,639,639,639,639,639,639,639,639,639,639,639,639,639,639,639,639,639,639,639,639,639,639,639,639,639,639,639,639,639,639,639,639,639,639,639,639,639,639,639,639,639,639,639,639,658,632,659,660,639,639,639,639,639,639,639,638,639,639,639,639,639,639,639,639,639,636,639,639,639,639,639,639,639,639,639,639,639,639,639,639,639,639,639,639,639,639,639,639,639,638,639,639,639,636,639,639,639,639,639,639,639,639,639,
639,639,639,639,639,639,639,639,639,639,639,639,639,639,639,639,639,639,639,638,639,662,639,636,639,639,639,639,639,639,639,639,639,639,639,639,639,639,639,639,639,639,639,639,639,639,639,639,639,639,639,639,639,639,639,639,639,639,639,639,639,639,639,639,639,639,639,639,639,639,639,639,639,639,639,639,639,639,639,639,639,639,639,639,639,639,639,657,632,632,632,632,632,633,639,662,639,636,639,639,639,639,639,639,639,639,639,639,639,639,639,639,639,639,639,639,639,639,639,639,639,638,639,662,639,636,639,639,639,639,639,639,639,639,639,
639,639,639,639,639,639,639,639,639,639,639,639,639,639,639,639,639,639,639,638,639,667,639,636,639,639,639,639,639,639,639,639,639,639,639,639,639,639,639,639,639,639,639,639,639,639,639,639,639,639,639,639,639,639,639,639,639,639,639,639,639,639,639,639,639,639,639,639,639,639,639,639,639,639,639,639,639,639,639,639,639,639,639,639,639,639,639,639,639,639,639,639,639,638,639,667,639,636,639,639,639,639,639,639,639,639,639,639,639,639,639,639,639,639,639,639,639,639,639,639,639,638,639,667,639,636,639,639,639,639,639,639,639,639,639,
639,639,639,639,639,639,639,639,639,639,639,639,639,639,639,639,639,639,639,638,639,639,639,636,639,639,639,639,639,639,639,639,639,639,639,639,639,639,639,639,639,639,639,639,639,639,639,639,639,639,639,639,639,639,639,639,639,639,639,639,639,639,639,639,642,642,642,642,642,642,642,642,642,642,642,642,642,642,642,642,642,642,642,642,642,642,642,642,642,642,642,642,642,643,639,639,639,636,639,639,639,639,639,639,639,639,639,639,639,639,639,639,639,639,639,639,639,639,639,639,639,638,639,639,639,636,639,639,639,639,639,639,639,639,639,
639,639,639,639,639,639,639,639,639,639,639,639,639,639,639,639,639,639,639,638,639,662,639,636,639,639,639,639,639,639,639,639,639,639,639,639,639,639,639,639,639,639,639,639,639,639,639,639,639,639,639,639,639,639,639,639,639,639,639,639,639,639,639,639,639,639,639,639,639,639,639,639,639,639,639,639,639,639,639,639,639,639,639,639,639,639,639,639,639,639,639,639,656,639,639,662,639,636,639,639,639,639,639,639,639,639,639,639,639,639,639,639,639,639,639,639,639,639,639,639,639,638,639,662,639,636,639,639,639,639,639,639,639,639,639,
639,639,639,639,639,639,639,639,639,639,639,639,639,639,639,639,639,639,639,638,639,667,639,636,639,639,639,639,639,639,639,639,639,639,639,639,639,639,639,639,639,639,639,639,639,639,639,639,639,639,639,639,639,639,639,639,639,639,639,639,639,639,639,639,639,639,668,669,639,668,669,639,668,669,639,668,669,639,668,669,639,668,669,639,668,669,639,668,669,639,668,669,661,639,639,667,639,636,639,639,639,639,639,639,639,639,639,639,639,639,639,639,639,639,639,639,639,639,639,639,639,638,639,667,639,636,639,639,639,639,639,639,639,639,639,
639,639,639,639,639,639,639,639,639,639,639,639,639,639,639,639,639,639,639,638,639,639,639,636,639,639,639,639,639,639,639,639,639,639,639,639,639,639,639,639,639,639,639,639,639,639,639,639,639,639,639,639,639,639,639,639,639,639,639,639,639,639,639,639,639,639,639,639,639,639,639,639,639,639,639,639,639,639,639,639,639,639,639,639,639,639,639,639,639,639,639,639,666,639,639,639,639,636,639,639,639,639,639,639,639,639,639,639,639,639,639,639,639,639,639,639,639,639,639,639,639,638,639,639,639,636,639,639,639,639,639,639,639,639,639,
639,639,639,639,639,639,639,639,639,639,639,639,639,639,639,639,639,639,639,638,639,662,639,636,639,639,639,639,639,639,639,639,639,639,639,639,639,639,639,639,639,639,639,639,639,639,639,639,639,639,639,639,639,639,639,639,639,639,639,639,639,639,639,639,632,632,632,632,632,632,632,632,632,632,632,632,632,632,632,632,632,632,632,632,632,632,632,632,632,632,632,632,632,633,639,662,639,641,642,642,642,642,642,642,642,642,642,642,642,642,642,642,642,642,642,642,642,642,642,642,642,643,639,662,639,636,639,639,639,639,639,639,639,639,639,
639,639,639,639,639,639,639,639,639,639,639,639,639,639,639,639,639,639,639,638,639,667,639,636,639,639,639,639,639,639,639,639,639,639,639,639,639,639,639,639,639,639,639,639,639,639,639,639,639,639,639,639,639,639,639,639,639,639,639,639,639,639,639,639,639,639,639,639,639,639,639,639,639,639,639,639,639,639,639,639,639,639,639,639,639,639,639,639,639,639,639,639,639,638,639,667,639,639,656,639,639,639,639,639,639,639,639,639,639,639,639,639,639,639,639,639,639,639,639,639,639,639,639,667,639,636,639,639,639,639,639,639,639,639,639,
639,639,639,639,639,639,639,639,639,639,639,639,639,639,639,639,639,639,639,638,639,639,639,636,639,639,639,639,639,639,639,639,639,639,639,639,639,639,639,639,639,639,639,639,639,639,639,639,639,639,639,639,639,639,639,639,639,639,639,639,639,639,639,639,639,639,639,639,639,639,639,639,639,639,639,639,639,639,639,639,639,639,639,639,639,639,639,639,639,639,639,639,639,638,639,639,639,639,661,668,669,639,668,669,639,668,669,639,668,669,639,668,669,639,668,669,639,668,669,639,668,669,639,668,639,636,639,639,639,639,639,639,639,639,639,
639,639,639,639,639,639,639,639,639,639,639,639,639,639,639,639,639,639,639,638,639,662,639,636,639,639,639,639,639,639,639,639,639,639,639,639,639,639,639,639,639,639,639,639,639,639,639,639,639,639,639,639,639,639,639,639,639,639,639,639,639,639,639,639,639,639,639,639,639,639,639,639,639,639,639,639,639,639,639,639,639,639,639,639,639,639,639,639,639,639,639,639,639,638,639,662,639,639,666,639,639,639,639,639,639,639,639,639,639,639,639,639,639,639,639,639,639,639,639,639,639,639,639,639,639,636,639,639,639,639,639,639,639,639,639,
639,639,639,639,639,639,639,639,639,639,639,639,639,639,639,639,639,639,639,638,639,667,639,636,639,639,639,639,639,639,639,639,639,639,639,639,639,639,639,639,639,639,639,639,639,639,639,639,639,639,639,639,639,639,639,639,639,639,639,639,639,639,639,639,639,639,639,639,639,639,639,639,639,639,639,639,639,639,639,639,639,639,639,639,639,639,639,639,639,639,639,639,639,638,639,667,639,631,632,632,632,632,632,632,632,632,632,632,632,632,632,632,632,632,632,632,632,632,632,632,632,632,632,632,632,660,639,639,639,639,639,639,639,639,639,
639,639,639,639,639,639,639,639,639,639,639,639,639,639,639,639,639,639,639,638,639,639,639,636,639,639,639,639,639,639,639,639,639,639,639,639,639,639,639,639,639,639,639,639,639,639,639,639,639,639,639,639,639,639,639,639,639,639,639,639,639,639,639,639,639,639,639,639,639,639,639,639,639,639,639,639,639,639,639,639,639,639,639,639,639,639,639,639,639,639,639,639,639,638,663,664,665,636,639,639,639,639,639,639,639,639,639,639,639,639,639,639,639,639,639,639,639,639,639,639,639,639,639,639,639,639,639,639,639,639,639,639,639,639,639,
639,639,639,639,639,639,639,639,639,639,639,639,639,639,639,639,639,639,639,638,639,662,639,636,639,639,639,639,639,639,639,639,639,639,639,639,639,639,639,639,639,639,639,639,639,639,639,639,639,639,639,639,639,639,639,639,639,639,639,639,639,639,639,639,639,639,639,639,639,639,639,639,639,639,639,639,639,639,639,639,639,639,639,639,639,639,639,639,639,639,639,639,639,638,639,662,639,636,639,639,639,639,639,639,639,639,639,639,639,639,639,639,639,639,639,639,639,639,639,639,639,639,639,639,639,639,639,639,639,639,639,639,639,639,639,
639,639,639,639,639,639,639,639,639,639,639,639,639,639,639,639,639,639,639,638,639,667,639,636,639,639,639,639,639,639,639,639,639,639,639,639,639,639,639,639,639,639,639,639,639,639,639,639,639,639,639,639,639,639,639,639,639,639,639,639,639,639,639,639,639,639,639,639,639,639,639,639,639,639,639,639,639,639,639,639,639,639,639,639,639,639,639,639,639,639,639,639,639,638,639,667,639,636,639,639,639,639,639,639,639,639,639,639,639,639,639,639,639,639,639,639,639,639,639,639,639,639,639,639,639,639,639,639,639,639,639,639,639,639,639,
639,639,639,639,639,639,639,639,639,639,639,639,639,639,639,639,639,639,639,638,639,639,639,636,639,639,639,639,639,639,639,639,639,639,639,639,639,639,639,639,639,639,639,639,639,639,639,639,639,639,639,639,639,639,639,639,639,639,639,639,639,639,639,639,639,639,639,639,639,639,639,639,639,639,639,639,639,639,639,639,639,639,639,639,639,639,639,639,639,639,639,639,639,638,639,639,639,636,639,639,639,639,639,639,639,639,639,639,639,639,639,639,639,639,639,639,639,639,639,639,639,639,639,639,639,639,639,639,639,639,639,639,639,639,639,
639,639,639,639,639,639,639,639,639,639,639,639,639,639,639,639,639,639,639,638,639,662,639,636,639,639,639,639,639,639,639,639,639,639,639,639,639,639,639,639,639,639,639,639,639,639,639,639,639,639,639,639,639,639,639,639,639,639,639,639,639,639,639,639,639,639,639,639,639,639,639,639,639,639,639,639,639,639,639,639,639,639,639,639,639,639,639,639,639,639,639,639,639,638,639,662,639,636,639,639,639,639,639,639,639,639,639,639,639,639,639,639,639,639,639,639,639,639,639,639,639,639,639,639,639,639,639,639,639,639,639,639,639,639,639,
639,639,639,639,639,639,639,639,639,639,639,639,639,639,639,639,639,639,639,638,639,667,639,636,639,639,639,639,639,639,639,639,639,639,639,639,639,639,639,639,639,639,639,639,639,639,639,639,639,639,639,639,639,639,639,639,639,639,639,639,639,639,639,639,639,639,639,639,639,639,639,639,639,639,639,639,639,639,639,639,639,639,639,639,639,639,639,639,639,639,639,639,639,638,639,667,639,636,639,639,639,639,639,639,639,639,639,639,639,639,639,639,639,639,639,639,639,639,639,639,639,639,639,639,639,639,639,639,639,639,639,639,639,639,639,
639,639,639,639,639,639,639,639,639,639,639,639,639,639,639,639,639,639,639,638,639,639,639,636,639,639,639,639,639,639,639,639,639,639,639,639,639,639,639,639,639,639,639,639,639,639,639,639,639,639,639,639,639,639,639,639,639,639,639,639,639,639,639,639,639,639,639,639,639,639,639,639,639,639,639,639,639,639,639,639,639,639,639,639,639,639,639,639,639,639,639,639,639,638,639,639,639,636,639,639,639,639,639,639,639,639,639,639,639,639,639,639,639,639,639,639,639,639,639,639,639,639,639,639,639,639,639,639,639,639,639,639,639,639,639,
995,995,995,995,995,995,995,995,995,995,995,995,995,995,995,995,995,995,995,995,987,988,989,995,995,995,995,995,995,995,995,995,995,995,995,995,995,995,995,995,995,995,995,995,995,995,995,995,995,995,995,995,995,995,995,995,995,995,995,995,995,995,995,995,995,995,995,995,995,995,995,995,995,995,995,995,995,995,995,995,995,995,995,995,995,995,995,995,995,995,995,995,995,995,987,988,989,995,995,995,995,995,995,995,995,995,995,995,995,995,995,995,995,995,995,995,995,995,995,995,995,995,995,995,995,995,995,995,995,995,995,995,995,995,995,
995,995,995,995,995,995,995,995,995,995,995,995,995,995,995,995,995,995,995,995,987,988,989,995,995,995,995,995,995,995,995,995,995,995,995,995,995,995,995,995,995,995,995,995,995,995,995,995,995,995,995,995,995,995,995,995,995,995,995,995,995,995,995,995,995,995,995,995,995,995,995,995,995,995,995,995,995,995,995,995,995,995,995,995,995,995,995,995,995,995,995,995,995,995,987,988,989,995,995,995,995,995,995,995,995,995,995,995,995,995,995,995,995,995,995,995,995,995,995,995,995,995,995,995,995,995,995,995,995,995,995,995,995,995,995,
995,995,995,995,995,995,995,995,995,995,995,995,995,995,995,995,995,995,995,995,987,988,989,995,995,995,995,995,995,995,995,995,995,995,995,995,995,995,995,995,995,995,995,995,995,995,995,995,995,995,995,995,995,995,995,995,995,995,995,995,995,995,995,995,995,995,995,995,995,995,995,995,995,995,982,983,983,983,983,983,983,983,983,983,983,983,983,983,983,983,983,983,983,983,985,988,986,983,983,983,983,983,983,983,983,983,983,983,983,983,983,983,983,983,983,983,983,983,983,983,983,983,983,983,983,983,983,983,983,983,995,995,995,995,995,
995,995,995,995,995,995,995,995,995,995,995,995,995,995,995,995,995,995,995,995,987,988,989,995,995,995,995,995,995,995,995,995,995,995,995,995,995,995,995,995,995,995,995,995,995,995,995,995,995,995,995,995,995,995,995,995,995,995,995,995,995,995,995,995,995,995,995,995,995,995,995,995,995,995,987,988,988,988,988,988,988,988,988,988,988,988,988,988,988,988,988,988,988,988,988,988,988,988,988,988,988,988,988,988,988,988,988,988,988,988,988,988,988,988,988,988,988,988,988,988,988,988,988,988,988,988,988,988,988,988,995,995,995,995,995,
995,995,995,995,995,995,995,995,995,995,995,995,995,995,995,995,995,995,995,995,987,988,989,995,995,995,995,995,995,995,995,995,995,995,995,995,995,995,995,995,995,995,995,995,995,995,995,995,995,995,995,995,995,995,995,995,995,995,995,995,995,995,995,995,995,995,995,995,995,995,995,995,995,995,992,993,993,993,993,993,993,993,993,993,993,993,993,993,993,993,993,993,993,993,993,993,993,993,993,993,993,993,993,993,993,993,993,993,993,993,993,993,993,993,993,993,993,993,993,993,993,993,993,993,990,988,991,993,993,993,995,995,995,995,995,
995,995,995,995,995,995,995,995,995,995,995,995,995,995,995,995,995,995,995,995,987,988,989,995,995,995,995,995,995,995,995,995,995,995,995,995,995,995,995,995,995,995,995,995,995,995,995,995,995,995,995,995,995,995,995,995,995,995,995,995,995,995,995,995,995,995,995,995,995,995,995,995,995,995,995,995,995,995,995,995,995,995,995,995,995,995,995,995,995,995,995,995,995,995,995,995,995,995,995,995,995,995,995,995,995,995,995,995,995,995,995,995,995,995,995,995,995,995,995,995,995,995,995,995,987,988,989,995,995,995,995,995,995,995,995,
995,995,995,995,995,995,995,995,995,995,995,995,995,995,995,995,995,995,995,995,987,988,989,995,995,995,995,995,995,995,995,995,995,995,995,995,995,995,995,995,995,995,995,995,995,995,995,995,995,995,995,995,995,995,995,995,995,995,995,995,995,995,995,995,995,995,995,995,995,995,995,995,995,995,995,995,995,995,995,995,995,995,995,995,995,995,995,995,995,995,995,995,995,995,995,995,995,995,995,995,995,995,995,995,995,995,995,995,995,995,995,995,995,995,995,995,995,995,995,995,995,995,995,995,987,988,989,995,995,995,995,995,995,995,995,
995,995,995,995,995,995,995,995,995,995,995,995,995,995,995,995,995,995,995,995,987,988,989,995,995,995,995,995,995,995,995,995,995,995,995,995,995,995,995,995,995,995,995,995,995,995,995,995,995,982,983,984,995,995,995,995,995,995,995,995,995,995,995,995,995,995,995,995,995,995,995,995,995,995,995,995,995,995,995,995,995,995,995,995,995,995,995,995,995,995,995,995,995,995,995,995,995,995,995,995,995,995,995,995,995,995,995,995,995,995,995,995,995,995,995,995,995,995,995,995,995,995,995,995,987,988,989,995,995,995,995,995,995,995,995,
995,995,995,995,995,995,995,995,995,995,995,995,995,995,995,995,995,995,995,995,987,988,989,995,995,995,995,995,995,995,995,995,995,995,995,995,995,995,995,995,995,995,995,995,995,995,995,995,995,987,988,989,995,995,995,995,995,995,995,995,995,995,995,995,995,995,995,995,995,995,995,995,995,995,995,995,995,995,995,995,995,995,995,995,995,995,995,995,995,995,995,995,995,995,995,995,995,995,995,995,995,995,995,995,995,995,995,995,995,995,995,995,995,995,995,995,995,995,995,995,995,995,995,995,987,988,989,995,995,995,995,995,995,995,995,
995,995,995,995,995,995,995,995,995,995,995,995,995,995,995,995,995,995,995,995,987,988,989,995,995,995,995,995,995,995,995,995,995,995,995,995,995,995,995,987,989,995,995,995,995,995,995,995,995,987,988,989,995,995,995,995,995,995,995,995,995,995,995,995,995,995,995,995,995,995,995,995,995,995,995,995,995,995,995,995,995,995,995,995,995,995,995,995,995,995,995,995,995,995,995,995,995,995,995,995,995,987,989,995,995,995,995,995,995,995,995,995,995,995,995,995,995,995,995,995,995,995,995,995,987,988,989,995,995,995,995,995,995,995,995,
995,995,995,995,995,995,995,995,995,995,995,995,995,995,995,995,995,995,995,995,987,988,989,995,995,995,995,995,995,995,995,995,995,995,995,995,995,995,995,987,989,995,995,995,995,995,995,995,995,987,988,989,995,995,995,995,995,995,987,989,995,995,995,995,995,995,995,995,995,995,995,995,995,995,995,995,987,989,995,995,995,995,995,995,995,995,995,995,995,995,995,995,995,995,995,995,995,995,995,995,995,987,989,995,995,995,995,995,995,995,995,995,995,995,995,995,995,995,995,995,995,995,995,995,987,988,989,995,995,995,995,995,995,995,995,
995,995,995,995,995,995,995,995,995,995,995,995,995,995,995,995,995,995,995,995,987,988,989,995,995,995,995,995,995,995,995,995,995,995,995,995,995,995,995,987,989,995,995,995,995,995,995,995,995,987,988,989,995,995,995,995,995,995,987,989,995,995,995,995,995,995,995,995,995,995,995,995,995,995,995,995,987,989,995,995,995,995,995,995,995,995,995,995,995,995,995,995,995,995,995,995,995,995,995,995,995,987,989,995,995,995,995,995,995,995,995,995,995,995,995,995,995,995,995,995,995,995,995,995,987,988,989,995,995,995,995,995,995,995,995,
995,995,995,995,995,995,995,995,995,995,995,995,995,995,995,995,995,995,995,995,987,988,989,995,995,995,995,995,995,995,995,995,995,995,995,995,995,995,995,987,989,995,995,995,995,995,995,995,995,987,988,989,995,995,995,995,995,995,987,989,995,995,995,995,995,995,995,995,995,995,995,995,995,995,995,995,987,989,995,995,995,995,995,995,995,995,995,995,995,995,995,995,995,995,995,995,995,995,995,995,995,987,989,995,995,995,995,995,995,995,995,995,995,995,995,995,995,995,995,995,995,995,995,995,987,988,989,995,995,995,995,995,995,995,995,
995,995,995,995,995,995,995,995,995,995,995,995,995,995,995,995,995,995,995,995,987,988,986,983,983,983,983,983,983,983,983,983,983,983,983,983,983,983,983,985,986,983,983,983,983,983,983,983,983,985,988,986,983,983,983,983,983,983,985,986,983,983,983,983,983,983,983,983,983,983,983,983,983,983,983,983,985,986,983,983,983,983,983,983,983,983,983,983,983,983,983,983,983,983,983,983,983,983,983,983,983,985,986,983,983,983,983,983,983,983,983,983,983,983,983,983,983,983,983,983,983,983,983,983,985,988,989,995,995,995,995,995,995,995,995,
995,995,995,995,995,995,995,995,995,995,995,995,995,995,995,995,995,995,995,995,987,988,988,988,988,988,988,988,988,988,988,988,988,988,988,988,988,988,988,988,988,988,988,988,988,988,988,988,988,988,988,988,988,988,988,988,988,988,988,988,988,988,988,988,988,988,988,988,988,988,988,988,988,988,988,988,988,988,988,988,988,988,988,988,988,988,988,988,988,988,988,988,988,988,988,988,988,988,988,988,988,988,988,988,988,988,988,988,988,988,988,988,988,988,988,988,988,988,988,988,988,988,988,988,988,988,989,995,995,995,995,995,995,995,995,
995,995,995,995,995,995,995,995,995,995,995,995,995,995,995,995,995,995,995,995,992,993,993,993,993,993,993,993,993,993,993,993,993,993,993,993,993,993,993,993,993,993,993,993,993,993,993,993,993,990,988,991,993,993,993,993,993,993,993,993,993,993,993,993,993,993,993,993,993,993,993,993,993,993,993,993,993,993,993,993,993,993,993,993,993,993,993,993,993,993,993,993,993,993,993,993,993,993,993,993,993,993,993,993,993,993,993,993,993,993,993,993,993,993,993,993,993,993,993,993,993,993,993,993,993,993,994,995,995,995,995,995,995,995,995,
995,995,995,995,995,995,995,995,995,995,995,995,995,995,995,995,995,995,995,995,995,995,995,995,995,995,995,995,995,995,995,995,995,995,995,995,995,995,995,995,995,995,995,995,995,995,995,995,995,987,988,989,995,995,995,995,995,995,995,995,995,995,995,995,995,995,995,995,995,995,995,995,995,995,995,995,995,995,995,995,995,995,995,995,995,995,995,995,995,995,995,995,995,995,995,995,995,995,995,995,995,995,995,995,995,995,995,995,995,995,995,995,995,995,995,995,995,995,995,995,995,995,995,995,995,995,995,995,995,995,995,995,995,995,995,
995,995,995,995,995,995,995,995,995,995,995,995,995,995,995,995,995,995,995,995,995,995,995,995,995,995,995,995,995,995,995,995,995,995,995,995,995,995,995,995,995,995,995,995,995,995,995,995,995,987,988,989,995,995,995,995,995,995,995,995,995,995,995,995,995,995,995,995,995,995,995,995,995,995,995,995,995,995,995,995,995,995,995,995,995,995,995,995,995,995,995,995,995,995,995,995,995,995,995,995,995,995,995,995,995,995,995,995,995,995,995,995,995,995,995,995,995,995,995,995,995,995,995,995,995,995,995,995,995,995,995,995,995,995,995,
995,995,995,995,995,995,995,995,995,995,995,995,995,995,995,995,995,995,995,995,995,995,995,995,995,995,995,995,995,995,995,995,995,995,995,995,995,995,995,995,995,995,995,995,995,995,995,995,995,987,988,989,995,995,995,995,995,995,995,995,995,995,995,995,995,995,995,995,995,995,995,995,995,995,995,995,995,995,995,995,995,995,995,995,995,995,995,995,995,995,995,995,995,995,995,995,995,995,995,995,995,995,995,995,995,995,995,995,995,995,995,995,995,995,995,995,995,995,995,995,995,995,995,995,995,995,995,995,995,995,995,995,995,995,995,
995,995,995,995,995,995,995,995,995,995,995,995,995,995,995,995,995,995,995,995,995,995,995,995,995,995,995,995,995,995,995,995,995,995,995,995,995,995,995,995,995,995,995,995,995,995,995,995,995,987,988,989,995,995,995,995,995,995,995,995,995,995,995,995,995,995,995,995,995,995,995,995,995,995,995,995,995,995,995,995,995,995,995,995,995,995,995,995,995,995,995,995,995,995,995,995,995,995,995,995,995,995,995,995,995,995,995,995,995,995,995,995,995,995,995,995,995,995,995,995,995,995,995,995,995,995,995,995,995,995,995,995,995,995,995,
995,995,995,995,995,995,995,995,995,995,995,995,995,995,995,995,995,995,995,995,995,995,995,995,995,995,995,995,995,995,995,995,995,995,995,995,995,995,995,995,995,995,995,995,995,995,995,995,995,992,993,994,995,995,995,995,995,995,995,995,995,995,995,995,995,995,995,995,995,995,995,995,995,995,995,995,995,995,995,995,995,995,995,995,995,995,995,995,995,995,995,995,995,995,995,995,995,995,995,995,995,995,995,995,995,995,995,995,995,995,995,995,995,995,995,995,995,995,995,995,995,995,995,995,995,995,995,995,995,995,995,995,995,995,995,
995,995,995,995,995,995,995,995,995,995,995,995,995,995,995,995,995,995,995,995,995,995,995,995,995,995,995,995,995,995,995,995,995,995,995,995,995,995,995,995,995,995,995,995,995,995,995,995,995,995,995,995,995,995,995,995,995,995,995,995,995,995,995,995,995,995,995,995,995,995,995,995,995,995,995,995,995,995,995,995,995,995,995,995,995,995,995,995,995,995,995,995,995,995,995,995,995,995,995,995,995,995,995,995,995,995,995,995,995,995,995,995,995,995,995,995,995,995,995,995,995,995,995,995,995,995,995,995,995,995,995,995,995,995,995